           1   20.0000000000000        20.0000000000000     
  0.000000000000000E+000
           2   20.0000000000000        17.5000000000000     
  0.000000000000000E+000
           3   20.0000000000000        15.0000000000000     
  0.000000000000000E+000
           4   20.0000000000000        12.5000000000000     
  0.000000000000000E+000
           5   20.0000000000000        10.0000000000000     
  0.000000000000000E+000
           6   60.0000000000000        10.0000000000000     
  0.000000000000000E+000
           7   60.0000000000000        12.5000000000000     
  0.000000000000000E+000
           8   60.0000000000000        15.0000000000000     
  0.000000000000000E+000
           9   60.0000000000000        17.5000000000000     
  0.000000000000000E+000
          10   60.0000000000000        20.0000000000000     
  0.000000000000000E+000
          11   20.0000000000000        10.0000000000000     
  0.000000000000000E+000
          12   24.4444446563721        10.0000000000000     
  0.000000000000000E+000
          13   28.8888893127441        10.0000000000000     
  0.000000000000000E+000
          14   33.3333320617676        10.0000000000000     
  0.000000000000000E+000
          15   37.7777786254883        10.0000000000000     
  0.000000000000000E+000
          16   42.2222213745117        10.0000000000000     
  0.000000000000000E+000
          17   46.6666679382324        10.0000000000000     
  0.000000000000000E+000
          18   51.1111106872559        10.0000000000000     
  0.000000000000000E+000
          19   55.5555572509766        10.0000000000000     
  0.000000000000000E+000
          20   60.0000000000000        10.0000000000000     
  0.000000000000000E+000
          21   60.0000000000000        20.0000000000000     
  0.000000000000000E+000
          22   55.5555572509766        20.0000000000000     
  0.000000000000000E+000
          23   51.1111106872559        20.0000000000000     
  0.000000000000000E+000
          24   46.6666679382324        20.0000000000000     
  0.000000000000000E+000
          25   42.2222213745117        20.0000000000000     
  0.000000000000000E+000
          26   37.7777786254883        20.0000000000000     
  0.000000000000000E+000
          27   33.3333320617676        20.0000000000000     
  0.000000000000000E+000
          28   28.8888893127441        20.0000000000000     
  0.000000000000000E+000
          29   24.4444446563721        20.0000000000000     
  0.000000000000000E+000
          30   20.0000000000000        20.0000000000000     
  0.000000000000000E+000
