   20.0000000000000        20.0000000000000     
   20.0000000000000        20.0000000000000       0.000000000000000E+000
   20.0000000000000        17.5000000000000     
   20.0000000000000        17.5000000000000       0.000000000000000E+000
   20.0000000000000        15.0000000000000     
   20.0000000000000        15.0000000000000       0.000000000000000E+000
   20.0000000000000        12.5000000000000     
   20.0000000000000        12.5000000000000       0.000000000000000E+000
   20.0000000000000        10.0000000000000     
   20.0000000000000        10.0000000000000       0.000000000000000E+000
   60.0000000000000        10.0000000000000     
   60.0000000000000        10.0000000000000       0.000000000000000E+000
   60.0000000000000        12.5000000000000     
   60.0000000000000        12.5000000000000       0.000000000000000E+000
   60.0000000000000        15.0000000000000     
   60.0000000000000        15.0000000000000       0.000000000000000E+000
   60.0000000000000        17.5000000000000     
   60.0000000000000        17.5000000000000       0.000000000000000E+000
   60.0000000000000        20.0000000000000     
   60.0000000000000        20.0000000000000       0.000000000000000E+000
   20.0000000000000        10.0000000000000     
   20.0000000000000        10.0000000000000       0.000000000000000E+000
   24.4444446563721        10.0000000000000     
   24.4444446563721        10.0000000000000       0.000000000000000E+000
   28.8888893127441        10.0000000000000     
   28.8888893127441        10.0000000000000       0.000000000000000E+000
   33.3333320617676        10.0000000000000     
   33.3333320617676        10.0000000000000       0.000000000000000E+000
   37.7777786254883        10.0000000000000     
   37.7777786254883        10.0000000000000       0.000000000000000E+000
   42.2222213745117        10.0000000000000     
   42.2222213745117        10.0000000000000       0.000000000000000E+000
   46.6666679382324        10.0000000000000     
   46.6666679382324        10.0000000000000       0.000000000000000E+000
   51.1111106872559        10.0000000000000     
   51.1111106872559        10.0000000000000       0.000000000000000E+000
   55.5555572509766        10.0000000000000     
   55.5555572509766        10.0000000000000       0.000000000000000E+000
   60.0000000000000        10.0000000000000     
   60.0000000000000        10.0000000000000       0.000000000000000E+000
   60.0000000000000        20.0000000000000     
   60.0000000000000        20.0000000000000       0.000000000000000E+000
   55.5555572509766        20.0000000000000     
   55.5555572509766        20.0000000000000       0.000000000000000E+000
   51.1111106872559        20.0000000000000     
   51.1111106872559        20.0000000000000       0.000000000000000E+000
   46.6666679382324        20.0000000000000     
   46.6666679382324        20.0000000000000       0.000000000000000E+000
   42.2222213745117        20.0000000000000     
   42.2222213745117        20.0000000000000       0.000000000000000E+000
   37.7777786254883        20.0000000000000     
   37.7777786254883        20.0000000000000       0.000000000000000E+000
   33.3333320617676        20.0000000000000     
   33.3333320617676        20.0000000000000       0.000000000000000E+000
   28.8888893127441        20.0000000000000     
   28.8888893127441        20.0000000000000       0.000000000000000E+000
   24.4444446563721        20.0000000000000     
   24.4444446563721        20.0000000000000       0.000000000000000E+000
   20.0000000000000        20.0000000000000     
   20.0000000000000        20.0000000000000       0.000000000000000E+000
